-0.653194263364 
-0.979139504563 
-0.984354628422 
-1.000000000000 
-0.962190352021 
-0.915254237288 
-0.910039113429 
-0.516297262060 
-0.558018252934 
-0.839634941330 
-0.846153846154 
-0.162972620600 
-0.380704041721 
-0.942633637549 
-0.898305084746 
-0.923076923077 
-0.883963494133 
-0.876140808344 
-0.890482398957 
-0.398956975228 
-0.503259452412 
-0.810951760104 
-0.779661016949 
-0.020860495437 
-0.307692307692 
-0.853976531943 
-0.855280312907 
-0.887874837027 
-0.791395045632 
-0.736636245111 
-0.797913950456 
-0.176010430248 
-0.349413298566 
-0.727509778357 
-0.676662320730 
0.155149934811 
0.023468057366 
-0.744458930900 
-0.775749674055 
-0.784876140808 
-0.658409387223 
-0.629726205997 
-0.662320730117 
-0.056062581486 
-0.245110821382 
-0.709256844850 
-0.573663624511 
0.230769230769 
0.109517601043 
-0.694915254237 
-0.714471968709 
-0.704041720991 
-0.568448500652 
-0.589308996089 
-0.657105606258 
0.091264667536 
-0.324641460235 
-0.511082138201 
-0.499348109518 
0.402868318123 
0.349413298566 
-0.607561929596 
-0.623207301173 
-0.632333767927 
-0.518904823990 
-0.541069100391 
