-1.000000000000 
-0.946809429238 
-0.797599516449 
-0.683792418617 
-0.668077022710 
-0.708142647440 
-0.704861410932 
-0.542871945428 
-0.648734996978 
-0.537691045678 
-0.418357654779 
0.366894050600 
-0.897936274933 
-0.925222346948 
-0.740782315862 
-0.608669372248 
-0.605215439081 
-0.675157585701 
-0.643381400570 
-0.559796217943 
-0.610569035489 
-0.534409809170 
-0.366375960625 
0.358086521026 
-0.952163025645 
-0.900699421466 
-0.610396338831 
-0.624730161471 
-0.636646230895 
-0.636300837579 
-0.655124773336 
-0.493135307832 
-0.595889819532 
-0.502115534064 
-0.311976513254 
0.469303168984 
-0.915724030740 
-0.891719195234 
-0.636300837579 
-0.612814092047 
-0.592953976341 
-0.611259822122 
-0.659096796477 
-0.499006994215 
-0.528710819446 
-0.551852171660 
-0.280545721440 
0.435454623953 
-0.521457559796 
-0.481564631724 
-0.495553061048 
-0.488127104741 
-0.491926431224 
-0.471893618858 
-0.496071151023 
-0.493826094465 
-0.466540022451 
-0.458941369485 
-0.482600811674 
-0.469475865642 
-0.836974354546 
-0.816941542181 
-0.515413176755 
-0.607633192298 
-0.466540022451 
-0.548052845177 
