0.000290754022 
0.064741228920 
0.436906377205 
0.547392905602 
0.416553595658 
0.337080829618 
0.162628416360 
0.101570071719 
0.056018608257 
0.027040124055 
0.003295212250 
0.022097305679 
0.008528784648 
0.048652839698 
0.213994960264 
0.755766621438 
0.581314208180 
0.533824384571 
0.334173289397 
0.123861213413 
0.051172707889 
0.024617173871 
0.055049428184 
0.029559992247 
0.041093235123 
0.156813335918 
0.508625702656 
0.645280093041 
0.586160108548 
0.313820507850 
0.160690056212 
0.144213994960 
0.123861213413 
0.057956968405 
0.039154874976 
0.025877107967 
0.031401434387 
0.196549718938 
0.354526070944 
0.400077534406 
0.439813917426 
0.311882147703 
0.117076952898 
0.076371389804 
0.068617949215 
0.009982554759 
0.005911998449 
0.044873037410 
0.028881566195 
0.077340569878 
0.329327389029 
0.591006008916 
0.579375848033 
0.334173289397 
0.181042837759 
0.110292692382 
0.054080248110 
0.015603799186 
0.010370226788 
0.005911998449 
0.000000000000 
0.027621632099 
0.357433611165 
0.716999418492 
0.584221748401 
0.313820507850 
0.159720876139 
0.156813335918 
0.141306454739 
0.107385152161 
0.114169412677 
0.063772048847 
0.046714479550 
0.149059895329 
0.465981779415 
0.725722039155 
0.627834851715 
0.371971312270 
0.202364799380 
0.113200232603 
0.067648769141 
0.034405892615 
0.018026749370 
0.009885636751 
0.001453770110 
0.085094010467 
0.345803450281 
0.580345028106 
0.624927311494 
0.402985074627 
0.187827098275 
0.091878270983 
0.081217290173 
0.065710408994 
0.051172707889 
0.034115138593 
0.016088389223 
0.036344252762 
0.339019189765 
0.654971893778 
0.883698391161 
0.482457840667 
0.256638883505 
0.274084124830 
0.133553014150 
0.069587129289 
0.043903857337 
0.040414809072 
0.033145958519 
0.106415972088 
0.469858499709 
0.856561349099 
0.593913549137 
0.363248691607 
0.215933320411 
0.214964140337 
0.141306454739 
0.085094010467 
0.041287071138 
0.018899011436 
0.010467144796 
0.035471990696 
0.343865090134 
0.741228920333 
0.479550300446 
0.287652645862 
0.196549718938 
0.176196937391 
0.080248110099 
0.066679589068 
0.041093235123 
0.018608257414 
0.012599340958 
0.089939910835 
0.421399496026 
0.712153518124 
0.502810622214 
0.291529366156 
0.195580538864 
0.078309749952 
0.044291529366 
0.034793564644 
0.009401046714 
0.041190153130 
0.022581895716 
0.037991858887 
0.536731924792 
0.611358790463 
0.443690637720 
0.331265749176 
0.254700523357 
0.142275634813 
0.080248110099 
0.072494669510 
0.037507268851 
0.028881566195 
0.021321961620 
0.169412676875 
0.637526652452 
0.633649932157 
0.419461135879 
0.245977902694 
0.182012017833 
0.063772048847 
0.039930219035 
0.118046132972 
0.073463849583 
0.036344252762 
0.044291529366 
0.215933320411 
0.419461135879 
0.378755572785 
0.370032952123 
0.195580538864 
0.106415972088 
0.093816631130 
0.076371389804 
0.038767202946 
0.029559992247 
0.014634619112 
0.008819538670 
0.040124055049 
0.275053304904 
0.666602054662 
0.523163403760 
0.303159527040 
0.196549718938 
0.236286101958 
0.120953673192 
0.053111068036 
0.055049428184 
0.028978484202 
0.031789106416 
0.103508431867 
0.580345028106 
0.674355495251 
0.516379143245 
0.266330684241 
0.125799573561 
0.079278930025 
0.036635006784 
0.005621244427 
0.003682884280 
0.001453770110 
0.002229114169 
0.018802093429 
0.219810040706 
0.552238805970 
0.355495251018 
0.241132002326 
0.136460554371 
0.083155650320 
0.048846675712 
0.030141500291 
0.047780577631 
0.030723008335 
0.014828455127 
0.128707113782 
0.293467726304 
0.556115526265 
0.473735220004 
0.256638883505 
0.164566776507 
0.091878270983 
0.065710408994 
0.034696646637 
0.028106222136 
0.022000387672 
0.025974025974 
0.061833688699 
0.368094591975 
0.544485365381 
0.458228338825 
0.239193642179 
0.164566776507 
0.142275634813 
0.087032370614 
0.037701104865 
0.023163403760 
0.028106222136 
0.043903857337 
0.158751696065 
0.483427020740 
0.647218453189 
0.453382438457 
0.333204109324 
0.182981197907 
0.117076952898 
0.126768753634 
0.092847451056 
0.049137429734 
0.026361698003 
0.018705175422 
0.074433029657 
0.446598177941 
0.722814498934 
0.723783679008 
0.453382438457 
0.229501841442 
0.153905795697 
0.226594301221 
0.119015313045 
0.084124830393 
0.086063190541 
0.074433029657 
0.280868385346 
0.584221748401 
0.590036828843 
0.411707695290 
0.290560186083 
0.206241519674 
0.187827098275 
0.185888738128 
0.084124830393 
0.073463849583 
0.104477611940 
0.058926148478 
0.071525489436 
0.399108354332 
0.632680752084 
0.567745687149 
0.296375266525 
0.172320217096 
0.105446792014 
0.074433029657 
0.053111068036 
0.026167861989 
0.020740453576 
0.017445241326 
0.116107772824 
0.540608645086 
0.648187633262 
0.431091296763 
0.241132002326 
0.161659236286 
0.151967435550 
0.137429734445 
0.085094010467 
0.013180849002 
0.004458228339 
0.015022291142 
0.083155650320 
0.329327389029 
0.605543710021 
0.446598177941 
0.261484783873 
0.190734638496 
0.114169412677 
0.123861213413 
0.051172707889 
0.033049040512 
0.014634619112 
0.021225043613 
0.087032370614 
0.310912967629 
0.495057181624 
0.357433611165 
0.183950377980 
0.152936615623 
0.087032370614 
0.041480907153 
0.025392517930 
0.023841829812 
0.009401046714 
0.022484977709 
0.159720876139 
0.509594882729 
0.567745687149 
0.476642760225 
0.288621825935 
0.168443496802 
0.156813335918 
0.151967435550 
0.187827098275 
0.060864508626 
0.041383989145 
0.047877495639 
0.182012017833 
0.424307036247 
0.525101763908 
0.426245396395 
0.280868385346 
0.183950377980 
0.134522194224 
0.072494669510 
0.042159333204 
0.031692188409 
0.029947664276 
0.034890482652 
0.182981197907 
0.295406086451 
0.397169994185 
0.337080829618 
0.212056600116 
0.208179879822 
0.283775925567 
0.169412676875 
0.117076952898 
0.048555921690 
0.028493894166 
0.017735995348 
0.084124830393 
0.297344446598 
0.538670284939 
0.415584415584 
0.259546423726 
0.136460554371 
0.105446792014 
0.061833688699 
0.046520643536 
0.030723008335 
0.027524714092 
0.016669897267 
0.163597596433 
0.257608063578 
0.512502422950 
0.515409963171 
0.293467726304 
0.150029075402 
0.095754991277 
0.049622019771 
0.021806551657 
0.017832913355 
0.012599340958 
0.012696258965 
0.106415972088 
0.272145764683 
0.475673580151 
0.307036247335 
0.264392324094 
0.193642178717 
0.171351037023 
0.116107772824 
0.055049428184 
0.037604186858 
0.025683271952 
0.015700717193 
0.040899399108 
0.351618530723 
0.602636169800 
0.365187051754 
0.203333979453 
0.121922853266 
0.083155650320 
0.052141887963 
0.027330878077 
0.016863733282 
0.010176390773 
0.017251405311 
0.064741228920 
0.547392905602 
0.678232215546 
0.469858499709 
0.264392324094 
0.127737933708 
0.053111068036 
0.023744911805 
0.018705175422 
0.010370226788 
0.011048652840 
0.022581895716 
0.153905795697 
0.482457840667 
0.648187633262 
0.477611940299 
0.263423144020 
0.158751696065 
0.153905795697 
0.102539251793 
0.055049428184 
0.045745299477 
0.020449699554 
0.014537701105 
0.047102151580 
0.588098468695 
0.990308199263 
0.450474898236 
0.399108354332 
0.288621825935 
0.194611358790 
0.109323512309 
0.033630548556 
0.018414421399 
0.016185307230 
0.020255863539 
0.161659236286 
0.571622407443 
0.548362085676 
0.349680170576 
0.286683465788 
0.156813335918 
0.097693351425 
0.128707113782 
0.069587129289 
0.023647993797 
0.021031207598 
0.017929831363 
0.045551463462 
0.356464431091 
0.813917425858 
0.597790269432 
0.276022484978 
0.158751696065 
0.106415972088 
0.103508431867 
0.080248110099 
0.037991858887 
0.028300058151 
0.017154487304 
0.113200232603 
0.538670284939 
0.536731924792 
0.441752277573 
0.220779220779 
