0.368847712797 
0.834973943254 
0.568616097279 
0.400694846555 
0.238563983787 
0.176606832658 
0.125361899247 
0.085987261146 
0.106253618992 
0.132599884192 
0.143022582513 
0.273306311523 
0.502026635785 
0.499131441807 
0.386218876665 
0.199189345686 
0.144759698900 
0.132889403590 
0.087145338738 
0.058772437753 
0.063115228720 
0.101331789230 
0.116097278518 
0.374638100753 
0.334105385061 
0.159525188188 
0.150839606254 
0.126230457441 
0.078459756804 
0.054429646786 
0.047191661841 
0.046323103648 
0.037637521714 
0.069774174870 
0.037058482918 
0.149681528662 
0.296467863347 
0.151708164447 
0.167052692530 
0.089461493920 
0.048349739433 
0.033005211349 
0.022872032426 
0.013317892299 
0.023451071222 
0.031557614360 
0.039085118703 
0.319629415171 
0.478865083961 
0.722061378112 
0.397799652577 
0.337000579039 
0.212507237985 
0.145338737695 
0.110017371164 
0.085987261146 
0.077012159815 
0.125072379849 
0.102489866821 
0.140127388535 
0.121019108280 
0.117544875507 
0.478865083961 
0.220903300521 
0.130862767805 
0.076722640417 
0.056745801969 
0.053271569195 
0.079038795599 
0.052113491604 
0.124203821656 
0.331210191083 
0.704690214244 
0.409380428489 
0.270411117545 
0.189635205559 
0.190214244354 
0.129994209612 
0.082223508975 
0.056745801969 
0.041401273885 
0.187029530979 
0.238563983787 
0.629415170816 
0.507817023741 
0.420961204401 
0.368847712797 
0.219745222930 
0.194846554719 
0.134626519977 
0.096988998263 
0.089461493920 
0.090040532716 
0.178343949045 
0.216560509554 
0.432541980313 
0.568616097279 
0.533873769543 
0.255935147655 
0.224956572090 
0.160972785177 
0.111464968153 
0.090040532716 
0.066010422698 
0.052692530400 
0.066589461494 
0.127967573827 
0.348581354951 
0.542559351477 
0.681528662420 
0.565720903301 
0.279096699479 
0.187319050376 
0.134626519977 
0.098436595252 
0.068905616676 
0.061667631731 
0.084539664157 
0.247249565721 
0.409380428489 
0.444122756225 
0.232773595831 
0.224667052693 
0.173132599884 
0.092067168500 
0.077880718008 
0.077591198610 
0.042269832079 
0.119861030689 
0.136942675159 
0.147075854082 
0.322524609149 
0.322524609149 
0.305153445281 
0.493341053851 
0.270411117545 
0.165315576144 
0.128257093225 
0.102779386219 
0.066589461494 
0.058482918356 
0.101042269832 
0.190793283150 
0.299363057325 
0.782860451650 
0.597568037058 
0.557035321367 
0.270411117545 
0.174290677475 
0.140995946728 
0.105385060799 
0.088592935727 
0.073248407643 
0.131731325999 
0.134047481181 
0.258830341633 
0.232773595831 
0.386218876665 
0.420961204401 
0.207295888825 
0.123335263463 
0.088592935727 
0.067747539085 
0.045744064852 
0.030110017371 
0.038216560510 
0.091777649102 
0.137521713955 
0.193398957730 
0.530978575565 
0.290677475391 
0.230167921251 
0.127099015634 
0.104806022003 
0.089461493920 
0.046612623046 
0.036189924725 
0.046323103648 
0.152866242038 
0.403590040533 
0.858135495078 
0.316734221193 
0.368847712797 
0.276201505501 
0.161841343370 
0.125651418645 
0.103358425014 
0.070063694268 
0.041401273885 
0.085697741749 
0.143601621309 
0.160393746381 
0.452808338159 
0.455703532137 
1.000000000000 
0.432541980313 
0.241459177765 
0.175738274464 
0.145917776491 
0.103358425014 
0.164736537348 
0.125651418645 
0.148233931673 
0.296467863347 
0.383323682687 
0.449913144181 
0.475969889983 
0.255935147655 
0.165605095541 
0.120440069485 
0.093804284887 
0.073248407643 
0.052403011002 
0.057035321367 
0.096699478865 
0.247249565721 
0.397799652577 
0.597568037058 
0.328314997105 
0.217429067748 
0.158946149392 
0.126230457441 
0.085118702953 
0.055587724378 
0.043717429068 
0.064273306312 
0.106543138390 
0.189056166763 
0.403590040533 
0.705848291836 
0.403590040533 
0.284887087435 
0.191372321946 
0.141574985524 
0.096699478865 
0.065720903301 
0.049507817024 
0.086566299942 
0.238563983787 
0.426751592357 
0.403590040533 
0.574406485235 
0.475969889983 
0.313839027215 
0.182976259409 
0.140995946728 
0.108569774175 
0.085118702953 
0.058482918356 
0.065720903301 
0.061378112334 
0.152866242038 
0.284887087435 
0.444122756225 
0.620729588882 
0.290677475391 
0.148233931673 
0.143891140706 
0.096988998263 
0.063115228720 
0.052403011002 
0.055298204980 
0.136653155761 
0.158946149392 
0.108569774175 
0.132310364794 
0.176606832658 
0.226693688477 
0.090909090909 
0.059930515345 
0.040822235090 
0.027793862189 
0.034163288940 
0.040532715692 
0.093225246091 
0.178343949045 
0.158946149392 
0.308048639259 
0.136653155761 
0.129415170816 
0.126809496236 
0.075854082224 
0.040243196294 
0.024030110017 
0.008396062536 
0.031847133758 
0.066589461494 
0.115807759120 
0.270411117545 
0.144180660104 
0.194267515924 
0.135784597568 
0.065431383903 
0.054140127389 
0.025767226404 
0.011291256514 
0.002895193978 
0.023161551824 
0.065431383903 
0.279096699479 
0.247249565721 
0.147075854082 
0.281991893457 
0.116676317313 
0.107122177186 
0.097857556456 
0.060509554140 
0.069774174870 
0.046612623046 
0.034452808338 
0.065720903301 
0.284887087435 
0.412275622467 
0.371742906775 
0.426751592357 
0.394904458599 
0.216850028952 
0.140127388535 
0.113491603937 
0.079328314997 
0.123045744065 
0.072379849450 
0.169658367111 
0.287782281413 
0.221192819919 
0.392009264621 
0.302258251303 
0.201215981471 
0.200636942675 
0.161551823972 
0.128257093225 
0.083092067169 
0.113781123335 
0.134337000579 
0.149102489867 
0.188766647365 
0.481760277939 
0.351476548929 
0.302258251303 
0.258830341633 
0.143601621309 
0.112333526346 
0.089171974522 
0.079617834395 
0.061378112334 
0.068326577881 
0.136653155761 
0.168500289519 
0.363057324841 
0.381007527504 
0.515634047481 
0.224377533295 
0.186160972785 
0.128257093225 
0.123914302258 
0.091777649102 
0.045744064852 
0.065141864505 
0.113202084540 
0.362188766647 
0.739432541980 
0.775622466705 
0.748118123914 
0.366821077012 
0.307180081065 
0.198610306891 
0.148233931673 
